 <pre>

 Contingency table for Cloud cover (octas)
 Selection: METCOOP     38 stations
Period: 20231108-20231124
Used {00,06,12,18} + 01 02 ... 12
 Limits   0.500000000       1.50000000       2.50000000       3.50000000       4.50000000       5.50000000       6.50000000       7.50000000    
 Each class is data <= limit, the very last > last limit
 Total number of values        8924
                                                       OBSERVATION
                                    865      272      141       96       43       57       43       78      215 |      1810
                                    164       51       30       22       26       24       40       48       86 |       491
                                     91       21       22       15       13       22       21       40       76 |       321
                                     51       15       15       17       10       20       16       56       78 |       278
                           Ref       51       16       24       15       13       18       23       50       78 |       288
                                     50       17       24       17       19       30       25       52      110 |       344
                                     60       19       14       13       17       25       34       67       93 |       342
                                     67       20       26       19       29       38       60      113      187 |       559
                                    239       60      101       95      117      191      284      720     2684 |      4491

                    SUM            1638      491      397      309      287      425      546     1224     3607 |      8924
                                                       OBSERVATION
                                    811      267      132       85       34       55       46       75      202 |      1707
                                    153       43       32       35       27       20       28       43      109 |       490
                                    102       21       30       21       16       21       22       34       77 |       344
                                     70       20       20       13       13       19       29       49       64 |       297
                            1h       52       16       16       13        6       24       20       50       67 |       264
                                     56       18       19        9       12       25       22       53       91 |       305
                                     65       10       23       18       16       37       32       74      127 |       402
                                     76       27       26       23       35       42       42      110      197 |       578
                                    253       69       99       92      128      182      305      736     2673 |      4537

                    SUM            1638      491      397      309      287      425      546     1224     3607 |      8924
                                                       OBSERVATION
                                    828      264      137       91       39       50       45       65      185 |      1704
                                    139       52       39       23       27       34       26       45      105 |       490
                                     93       23       22       17       10       14       27       43       70 |       319
                                     67       18       21       15        9       11       21       46       85 |       293
                        cutoff       65       19       12        8        9       20       24       50       58 |       265
                                     58       16       22       16       14       22       24       55       80 |       307
                                     56       10       20       12       22       25       31       70      123 |       369
                                     87       25       29       19       33       42       42      116      200 |       593
                                    245       64       95      108      124      207      306      734     2701 |      4584

                    SUM            1638      491      397      309      287      425      546     1224     3607 |      8924

