 <pre>

 Contingency table for Cloud base (m)
 Selection: METCOOP    229 stations
Period: 20231108-20231124
Used {00,06,12,18} + 01 02 ... 12
 Limits    70.0000000       150.000000       300.000000       600.000000       1000.00000       1500.00000       2500.00000       5000.00000    
 Each class is data <= limit, the very last > last limit
 Total number of values      152689
                                                       OBSERVATION
                                   1979     2494      788      264      146      287      214       51      228 |      6451
                                   1231     3186     1752      431      176      109       88       29      231 |      7233
                                   1061     4648     7506     1686      431      213      163       75      466 |     16249
                                    741     3652    13644    11719     2632      921      578      262      804 |     34953
                           Ref      468     1343     4143     5651     5296     2095      766      331      566 |     20659
                                    149      368     1588     1869     1402     2183      644      188      396 |      8787
                                     58      228      868     1202      587      817      924      193      320 |      5197
                                     47      113      422      708      369      391      428      679      662 |      3819
                                   2137     4036     6813     6856     4632     3407     2686     2466    16308 |     49341

                    SUM            7871    20068    37524    30386    15671    10423     6491     4274    19981 |    152689
                                                       OBSERVATION
                                   1311     1596      587      216      125      180      247       58      421 |      4741
                                   1089     2529     1374      339      144       82       62       61      483 |      6163
                                   1300     4847     6911     1690      481      225      106       84     1169 |     16813
                                    970     4233    13681    11525     2643      983      497      318     1129 |     35979
                            1h      613     1701     4456     5502     5006     2011      778      335      689 |     21091
                                    283      738     2105     2163     1700     2305      642      210      494 |     10640
                                    171      481     1256     1575      764     1023     1069      321      490 |      7150
                                     73      164      630      712      380      411      391      669      671 |      4101
                                   2061     3779     6524     6664     4428     3203     2699     2218    14435 |     46011

                    SUM            7871    20068    37524    30386    15671    10423     6491     4274    19981 |    152689
                                                       OBSERVATION
                                   1414     1915      762      296      130      222      230       51      297 |      5317
                                   1078     2706     1584      354      125       80       36       34      336 |      6333
                                   1203     4676     6913     1641      483      217       93       59      894 |     16179
                                    847     3960    13497    11657     2709      963      492      305     1124 |     35554
                        cutoff      579     1583     4437     5515     5034     2036      734      318      696 |     20932
                                    263      761     1950     2127     1601     2223      710      198      487 |     10320
                                    163      438     1261     1494      799      998     1071      370      490 |      7084
                                     74      175      606      698      396      421      393      670      650 |      4083
                                   2250     3854     6514     6604     4394     3263     2732     2269    15007 |     46887

                    SUM            7871    20068    37524    30386    15671    10423     6491     4274    19981 |    152689

