 <pre>

 Contingency table for Low clouds (octas)
 Selection: ALL    621 stations
Period: 20231108-20231124
Used {00,06,12,18} + 01 02 ... 12
 Limits    1.00000000       2.00000000       3.00000000       4.00000000       5.00000000       6.00000000       7.00000000    
 Each class is data <= limit, the very last > last limit
 Total number of values      358886
                                              OBSERVATION
                                  40990     3471     2704     2102     2203     2390     5746    17176 |     76782
                                   3921      806      771      653      646      702     1672     4304 |     13475
                                   2700      632      669      558      623      614     1493     3706 |     10995
                           Ref     2208      673      663      557      580      674     1498     3673 |     10526
                                   2088      652      677      565      610      655     1669     4057 |     10973
                                   2233      831      774      662      770      832     2155     5054 |     13311
                                   2953     1233     1299     1068     1175     1379     3628     9191 |     21926
                                  10591     8219     8697     8111     9244    11812    34209   110015 |    200898

                    SUM           67684    16517    16254    14276    15851    19058    52070   157176 |    358886
                                              OBSERVATION
                                  37971     3374     2668     2099     2205     2393     5721    16033 |     72464
                                   4235      881      773      678      677      740     1902     4989 |     14875
                                   2956      706      696      595      624      654     1697     4238 |     12166
                            1h     2532      690      660      540      583      644     1703     4409 |     11761
                                   2367      667      739      638      629      706     1820     4622 |     12188
                                   2343      819      819      707      826      859     2205     5888 |     14466
                                   3110     1277     1339     1108     1269     1374     3671    10006 |     23154
                                  12170     8103     8560     7911     9038    11688    33351   106991 |    197812

                    SUM           67684    16517    16254    14276    15851    19058    52070   157176 |    358886
                                              OBSERVATION
                                  38593     3345     2636     2114     2177     2350     5514    15555 |     72284
                                   4153      909      810      646      702      744     1877     4744 |     14585
                                   2942      666      700      568      607      641     1624     4265 |     12013
                        cutoff     2559      637      657      519      564      607     1643     4159 |     11345
                                   2258      719      665      608      599      668     1830     4572 |     11919
                                   2421      812      827      712      810      825     2206     5626 |     14239
                                   3172     1312     1302     1121     1257     1363     3665     9837 |     23029
                                  11586     8117     8657     7988     9135    11860    33711   108418 |    199472

                    SUM           67684    16517    16254    14276    15851    19058    52070   157176 |    358886

