 <pre>

 Contingency table for Cloud cover (octas)
 Selection: ALL    402 stations
Period: 20231108-20231124
Used {00,06,12,18} + 01 02 ... 12
 Limits   0.500000000       1.50000000       2.50000000       3.50000000       4.50000000       5.50000000       6.50000000       7.50000000    
 Each class is data <= limit, the very last > last limit
 Total number of values      206753
                                                       OBSERVATION
                                   4608     1280      929      699      369      547      627      887     2238 |     12184
                                   1328      479      445      407      306      401      556      926     2156 |      7004
                                    754      318      303      290      240      290      406      787     1943 |      5331
                                    542      257      261      255      215      263      379      816     1980 |      4968
                           Ref      485      237      266      230      207      290      414      875     2189 |      5193
                                    493      263      232      243      232      327      433     1088     2547 |      5858
                                    539      260      263      283      283      397      561     1403     3551 |      7540
                                    721      423      392      420      399      616      980     2634     6580 |     13165
                                   2725     1649     1381     1841     1731     3053     5206    31351    96573 |    145510

                    SUM           12195     5166     4472     4668     3982     6184     9562    40767   119757 |    206753
                                                       OBSERVATION
                                   4401     1243      885      655      374      552      649      904     2440 |     12103
                                   1406      473      452      420      335      431      537      935     2534 |      7523
                                    790      320      332      278      236      287      420      880     2198 |      5741
                                    576      274      280      245      188      288      402      853     2210 |      5316
                            1h      526      226      232      256      219      265      374      928     2354 |      5380
                                    503      259      250      242      217      319      487     1091     2967 |      6335
                                    546      276      297      306      268      381      574     1520     3839 |      8007
                                    742      426      381      429      467      619      916     2669     7017 |     13666
                                   2705     1669     1363     1837     1678     3042     5203    30987    94198 |    142682

                    SUM           12195     5166     4472     4668     3982     6184     9562    40767   119757 |    206753
                                                       OBSERVATION
                                   4331     1218      880      648      366      526      604      835     2028 |     11436
                                   1427      476      445      419      329      442      533      939     2245 |      7255
                                    810      337      340      318      230      305      414      877     2001 |      5632
                                    560      230      249      239      208      269      366      819     2039 |      4979
                        cutoff      541      248      235      247      194      290      359      939     2255 |      5308
                                    495      259      232      233      207      308      439     1127     2682 |      5982
                                    578      297      297      280      285      385      577     1452     3707 |      7858
                                    764      449      400      439      446      611      975     2601     6826 |     13511
                                   2689     1652     1394     1845     1717     3048     5295    31178    95974 |    144792

                    SUM           12195     5166     4472     4668     3982     6184     9562    40767   119757 |    206753

