 <pre>

 Contingency table for Cloud base (m)
 Selection: ALL    637 stations
Period: 20231108-20231124
Used {00,06,12,18} + 01 02 ... 12
 Limits    70.0000000       150.000000       300.000000       600.000000       1000.00000       1500.00000       2500.00000       5000.00000    
 Each class is data <= limit, the very last > last limit
 Total number of values      353120
                                                       OBSERVATION
                                   3734     4094     1722      806      571      514      338      263      731 |     12773
                                   2066     5855     3971     1277      532      259      173      107      348 |     14588
                                   1884     8553    14960     5509     1528      622      325      217      681 |     34279
                                   1551     6347    24500    30012     9347     2739     1252      977     1616 |     78341
                           Ref      985     2375     8042    15164    17902     6997     2299     1444     2093 |     57301
                                    462      925     3491     6173     7176     7171     2678      997     1343 |     30416
                                    175      473     1524     2943     2470     2668     2766      912      658 |     14589
                                    164      219      750     1559     1435     1207     1427     2454      895 |     10110
                                   2842     4998     9331    13904    14639    10169     6584     8786    29470 |    100723

                    SUM           13863    33839    68291    77347    55600    32346    17842    16157    37835 |    353120
                                                       OBSERVATION
                                   2447     2640     1359      709      556      399      332      209      716 |      9367
                                   1832     4661     3166     1107      481      192      118      122      642 |     12321
                                   2112     8365    13236     5165     1539      545      212      216     1454 |     32844
                                   1898     7347    24394    28251     8655     2657     1063      894     1890 |     77049
                            1h     1301     3090     8838    15049    16800     6662     2298     1313     2261 |     57612
                                    755     1576     4439     6883     7652     7135     2529      976     1523 |     33468
                                    414      955     2420     3931     3077     3156     3199     1114     1029 |     19295
                                    224      334     1048     1778     1587     1278     1399     2611      935 |     11194
                                   2880     4871     9391    14474    15253    10322     6692     8702    27385 |     99970

                    SUM           13863    33839    68291    77347    55600    32346    17842    16157    37835 |    353120
                                                       OBSERVATION
                                   2695     3291     1767      875      611      484      352      216      628 |     10919
                                   1824     5018     3853     1359      549      236       98      115      459 |     13511
                                   2004     8174    13600     5681     1719      573      227      227     1189 |     33394
                                   1733     6856    23718    28395     9072     2675     1092      962     1913 |     76416
                        cutoff     1268     2951     8795    14970    16947     6764     2202     1319     2249 |     57465
                                    725     1486     4157     6577     7473     7122     2702      980     1465 |     32687
                                    388      815     2290     3716     3059     3057     3234     1206      977 |     18742
                                    201      338     1024     1656     1491     1284     1355     2648      934 |     10931
                                   3025     4910     9087    14118    14679    10151     6580     8484    28021 |     99055

                    SUM           13863    33839    68291    77347    55600    32346    17842    16157    37835 |    353120

