 <pre>

 Contingency table for Visibility (m)
 Selection: METCOOP    264 stations
Period: 20231108-20231124
Used {00,06,12,18} + 00 01 ... 12
 Limits    1000.00000       5000.00000       10000.0000       20000.0000    
 Each class is data <= limit, the very last > last limit
 Total number of values      201507
                                     OBSERVATION
                                   1054     1227      678      699      835 |      4493
                                   2018    10634     6981     7498    11299 |     38430
                           Ref      571     3237     3862     6600    21653 |     35923
                                    449     2348     3401     7310    41759 |     55267
                                    863     3260     3382    11294    48595 |     67394

                    SUM            4955    20706    18304    33401   124141 |    201507
                                     OBSERVATION
                                    713      802      514      452      703 |      3184
                                   2206    10541     6809     7525    11879 |     38960
                            1h      711     3711     4006     7065    22804 |     38297
                                    472     2553     3637     7532    42125 |     56319
                                    853     3099     3338    10827    46630 |     64747

                    SUM            4955    20706    18304    33401   124141 |    201507
                                     OBSERVATION
                                    764      923      600      582      776 |      3645
                                   2176    10432     6866     7467    11918 |     38859
                        cutoff      692     3728     4015     6965    22534 |     37934
                                    487     2557     3565     7457    42135 |     56201
                                    836     3066     3258    10930    46778 |     64868

                    SUM            4955    20706    18304    33401   124141 |    201507

