 <pre>

 Contingency table for Visibility (m)
 Selection: ALL    706 stations
Period: 20231108-20231124
Used {00,06,12,18} + 00 01 ... 12
 Limits    1000.00000       5000.00000       10000.0000       20000.0000    
 Each class is data <= limit, the very last > last limit
 Total number of values      499789
                                     OBSERVATION
                                   3110     3398     1803     1687     1311 |     11309
                                   5067    26747    22463    26648    23139 |    104064
                           Ref     1268     9478    16192    36009    57218 |    120165
                                    624     5744    11642    31481    81591 |    131082
                                   1333     7134    11513    32853    80336 |    133169

                    SUM           11402    52501    63613   128678   243595 |    499789
                                     OBSERVATION
                                   2223     2322     1373     1209     1097 |      8224
                                   5432    26389    21802    25964    23875 |    103462
                            1h     1629    10533    16642    36942    57444 |    123190
                                    718     6276    12318    32179    82881 |    134372
                                   1400     6981    11478    32384    78298 |    130541

                    SUM           11402    52501    63613   128678   243595 |    499789
                                     OBSERVATION
                                   2440     2619     1556     1514     1184 |      9313
                                   5305    26682    22544    27055    24559 |    106145
                        cutoff     1550    10376    16641    37149    58379 |    124095
                                    732     6112    11868    31201    81426 |    131339
                                   1375     6712    11004    31759    78047 |    128897

                    SUM           11402    52501    63613   128678   243595 |    499789

