 <pre>

 Contingency table for Rh2m (%)
 Selection: ALL   1058 stations
Period: 20231108-20231124
Used {00,06,12,18} + 00 01 ... 12
 Limits    30.0000000       50.0000000       65.0000000       75.0000000       85.0000000       95.0000000       100.000000    
 Each class is data <= limit, the very last > last limit
 Total number of values      834722
                                              OBSERVATION
                                      0        4        1        0        0        0        0        0 |         5
                                    127     1081     1037      328      240      164       12        0 |      2989
                                     20     2713    15541    11616     7346     3759      309        0 |     41304
                           Ref        2      318    11045    32955    34053    16995     1565        0 |     96933
                                      0       54     3541    26344    92057   101255     9524        0 |    232775
                                      0       12      477     5122    49209   208548    74591        0 |    337959
                                      0        0       18      144     2624    31632    87871        0 |    122289
                                      0        0        0        0        3       39      426        0 |       468

                    SUM             149     4182    31660    76509   185532   362392   174298        0 |    834722
                                              OBSERVATION
                                      0        0        0        0        0        0        0        0 |         0
                                    101      757      641      203       95       66        1        0 |      1864
                                     47     2887    14754    10149     5392     2606      258        0 |     36093
                            1h        1      434    11983    33971    33387    14636     1460        0 |     95872
                                      0       94     3747    26887    96272   109157    11056        0 |    247213
                                      0       10      522     5138    47993   206532    82900        0 |    343095
                                      0        0       13      161     2393    29384    78435        0 |    110386
                                      0        0        0        0        0       11      188        0 |       199

                    SUM             149     4182    31660    76509   185532   362392   174298        0 |    834722
                                              OBSERVATION
                                      1        0        0        0        0        0        0        0 |         1
                                     84      720      617      202      138       86        5        0 |      1852
                                     64     2883    14516     9589     5203     2645      252        0 |     35152
                        cutoff        0      483    12045    34125    31839    14051     1334        0 |     93877
                                      0       88     3929    27103    96719   104487    10029        0 |    242355
                                      0        8      538     5301    49187   210778    80127        0 |    345939
                                      0        0       15      189     2444    30328    82272        0 |    115248
                                      0        0        0        0        2       17      279        0 |       298

                    SUM             149     4182    31660    76509   185532   362392   174298        0 |    834722

