 <pre>

 Contingency table for Low clouds (octas)
 Selection: METCOOP    229 stations
Period: 20231108-20231124
Used {00,06,12,18} + 01 02 ... 12
 Limits    1.00000000       2.00000000       3.00000000       4.00000000       5.00000000       6.00000000       7.00000000    
 Each class is data <= limit, the very last > last limit
 Total number of values      155078
                                              OBSERVATION
                                  20273     1212      971      846      816      917     2364    10966 |     38365
                                   1547      236      237      236      208      246      564     2161 |      5435
                                   1007      199      213      183      216      184      481     1853 |      4336
                           Ref      818      245      228      182      186      190      462     1818 |      4129
                                    774      231      222      192      195      202      525     1969 |      4310
                                    741      304      247      215      267      285      699     2522 |      5280
                                   1103      432      468      375      391      416     1177     4663 |      9025
                                   4126     3028     2830     2980     2879     3533     8736    56086 |     84198

                    SUM           30389     5887     5416     5209     5158     5973    15008    82038 |    155078
                                              OBSERVATION
                                  17460     1100      908      803      757      849     1950     9193 |     33020
                                   1752      259      255      243      221      231      598     2564 |      6123
                                   1196      251      218      202      206      207      516     2093 |      4889
                            1h     1002      252      194      184      194      201      509     2203 |      4739
                                    911      225      237      212      194      203      566     2276 |      4824
                                    889      303      259      227      288      276      745     2930 |      5917
                                   1270      469      451      374      446      374     1220     5077 |      9681
                                   5909     3028     2894     2964     2852     3632     8904    55702 |     85885

                    SUM           30389     5887     5416     5209     5158     5973    15008    82038 |    155078
                                              OBSERVATION
                                  18180     1130      927      834      784      861     2027     9512 |     34255
                                   1701      280      269      225      228      224      587     2444 |      5958
                                   1229      232      221      188      209      212      522     2217 |      5030
                        cutoff     1011      210      208      184      162      188      540     2138 |      4641
                                    912      243      210      209      184      206      563     2264 |      4791
                                    927      279      276      230      274      249      721     2853 |      5809
                                   1231      471      405      376      433      434     1196     4961 |      9507
                                   5198     3042     2900     2963     2884     3599     8852    55649 |     85087

                    SUM           30389     5887     5416     5209     5158     5973    15008    82038 |    155078

